function embench_data_analysis_import()

% AFTx06 with rv32im
aftx06.rv32im.cycles = [
    13966851
    14116432,
    26128444,
    14436475,
    8377803,
    13233259,
    17721901,
    10339314,
    14956099,
    12130717,
    7238439,
    16124692,
    9728090,
    9708883,
    10130634,
    13332934,
    7190463,
    12991844,
    4373859,
];
aftx06.rv32im.instrs = [
    4779974
    4357149,
    8628129,
    3902542,
    2799351,
    3561710,
    6091744,
    3630218,
    4613928,
    3943981,
    3231427,
    4965083,
    3273111,
    3379609,
    3602340,
    4480826,
    2160503,
    4145858,
    1382657,
];
aftx06.rv32im.speed = [
    0.29
    0.28,
    0.15,
    0.28,
    0.49,
    0.30,
    0.23,
    0.27,
    0.27,
    0.33,
    0.55,
    0.25,
    0.44,
    0.41,
    0.40,
    0.31,
    0.56,
    0.31,
    0.64,
];
aftx06.rv32im.ipc = aftx06.rv32im.instrs ./ aftx06.rv32im.cycles;
% AFTx06 stats with rv32imc
aftx06.rv32imc.cycles = [
    13313734
    12549363,
    26113127,
    14188702,
    8733089,
    13197240,
    17559279,
    10315227,
    13863319,
    11422964,
    7703756,
    15509869,
    9533192,
    9497823,
    10255814,
    13290505,
    7272938,
    12870645,
    4348167,
];
aftx06.rv32imc.instrs = [
    4774898
    4356807,
    8628109,
    3899410,
    2712152,
    3561710,
    6080644,
    3628218,
    4610962,
    3953006,
    3231427,
    4959539,
    3131734,
    3214657,
    3540080,
    4480800,
    2136935,
    4131078,
    1353204,
];
aftx06.rv32imc.speed = [
    0.30
    0.32,
    0.15,
    0.28,
    0.47,
    0.30,
    0.23,
    0.27,
    0.29,
    0.35,
    0.52,
    0.26,
    0.45,
    0.42,
    0.39,
    0.31,
    0.55,
    0.31,
    0.64,
];
aftx06.rv32imc.ipc = aftx06.rv32imc.instrs ./ aftx06.rv32imc.cycles;

% AFTx07 stats with rv32im
aftx07.rv32im.cycles = [
    14915262
    16210157,
    29942793,
    17248518,
    10846484,
    17106944,
    20732244,
    11398271,
    17268516,
    13127755,
    10010650,
    19786125,
    11804679,
    12788080,
    13235517,
    14818525,
    9562878,
    15392161,
    5324760,
];
aftx07.rv32im.instrs = [
    4593836
    4356791,
    7859591,
    3876076,
    2575725,
    3521672,
    5303626,
    3202032,
    4588482,
    3917838,
    2002875,
    4882241,
    2987933,
    2832187,
    3074102,
    4031840,
    2130974,
    3761562,
    1266079,
];
aftx07.rv32im.speed = [
    0.27
    0.25,
    0.13,
    0.23,
    0.38,
    0.23,
    0.19,
    0.25,
    0.23,
    0.30,
    0.40,
    0.20,
    0.36,
    0.31,
    0.30,
    0.28,
    0.42,
    0.26,
    0.52,
];
aftx07.rv32im.ipc = aftx07.rv32im.instrs ./ aftx07.rv32im.cycles;
% AFTx07 stats with rv32imc
aftx07.rv32imc.cycles = [
    13985019
    14640354,
    29793605,
    16152221,
    9959760,
    16699111,
    20161109,
    11312268,
    15196087,
    11944976,
    10010634,
    18010891,
    10915102,
    11188687,
    11514415,
    14684291,
    9448936,
    14465402,
    4847797,
];
aftx07.rv32imc.instrs = [
    4593413
    4356791,
    7859391,
    3876076,
    2568289,
    3521672,
    5300296,
    3201932,
    4579668,
    3899313,
    2002875,
    4880393,
    2950968,
    2760905,
    3054962,
    4031814,
    2093658,
    3761561,
    1248256,
];
aftx07.rv32imc.speed = [
    0.29
    0.27,
    0.13,
    0.25,
    0.41,
    0.24,
    0.20,
    0.25,
    0.26,
    0.33,
    0.40,
    0.22,
    0.39,
    0.36,
    0.35,
    0.28,
    0.42,
    0.28,
    0.57,
];
aftx07.rv32imc.ipc = aftx07.rv32imc.instrs ./ aftx07.rv32imc.cycles;
% AFTx07 stats with rv32emc
aftx07.rv32emc.cycles = [
    14820372
    14464068,
    32640888,
    16131416,
    10389733,
    16618040,
    19852479,
    11696213,
    21137110,
    13982704,
    10313487,
    19386915,
    12370957,
    10981929,
    13077165,
    14932000,
    9346800,
    16930638,
    5772495,
];
aftx07.rv32emc.instrs = [
    4860304
    4704271,
    8310945,
    3909027,
    2576109,
    3518892,
    5266427,
    3263981,
    5851200,
    4467882,
    2137059,
    5198412,
    3342447,
    2761151,
    3300033,
    4044710,
    2160430,
    4472461,
    1478032,
];
aftx07.rv32emc.speed = [
    0.27
    0.28,
    0.12,
    0.25,
    0.40,
    0.24,
    0.20,
    0.24,
    0.19,
    0.29,
    0.39,
    0.21,
    0.34,
    0.36,
    0.31,
    0.27,
    0.43,
    0.24,
    0.48,
];
aftx07.rv32emc.ipc = aftx07.rv32emc.instrs ./ aftx07.rv32emc.cycles;
% AFTx07 w/ cache stats (1024 2 1)
aftx07_cache.s1024b2a1.cycles = [
    6985140
    19072285
    36724508
    9315157
    8266793
    10641410
    27038545
    13968556
    20591162
    16047910
    10120106
    18160798
    8290770
    10519307
    15718928
    20049639
    12431886
    14534058
    5358885
];
aftx07_cache.s1024b2a1.rv32imc.instrs = [
    4562927
    4183949
    7644819
    3263789
    2255829
    2783276
    5135589
    3127519
    4584103
    3897701
    1659434
    4658605
    2908995
    2654060
    3069729
    3890525
    2034012
    3620909
    1216533
];
aftx07_cache.s1024b2a1.rv32imc.speed = [
    0.57
    0.21
    0.11
    0.43
    0.50
    0.37
    0.15
    0.20
    0.20
    0.25
    0.40
    0.22
    0.51
    0.38
    0.26
    0.20
    0.32
    0.28
    0.52
];
aftx07_cache.s1024b2a1.rv32imc.ipc = aftx07_cache.s1024b2a1.rv32imc.instrs ./ aftx07_cache.s1024b2a1.rv32imc.cycles;
% AFTx07 w/ cache stats (1024 2 2)
aftx07_cache.s1024b2a2.cycles = [
    7179001
    7357378
    36491115
    8940305
    5619297
    10000662
    26914912
    13342967
    20439251
    15991011
    10120237
    17453100
    7964721
    10155469
    15515531
    19976358
    12669640
    14011010
    5220006
];
aftx07_cache.s1024b2a2.rv32imc.instrs = [
    4562927
    4183949
    7645360
    3264485
    2259140
    2783276
    5135589
    3127519
    4588081
    3897701
    1659433
    4700869
    2908365
    2656815
    3069729
    3890369
    2034012
    3626821
    1216477
];
aftx07_cache.s1024b2a2.rv32imc.speed = [
    0.56
    0.55
    0.11
    0.45
    0.73
    0.40
    0.15
    0.21
    0.20
    0.25
    0.40
    0.23
    0.53
    0.39
    0.26
    0.20
    0.32
    0.29
    0.53
];
aftx07_cache.s1024b2a2.rv32imc.ipc = aftx07_cache.s1024b2a2.rv32imc.instrs ./ aftx07_cache.s1024b2a2.rv32imc.cycles;
% AFTx07 w/ cache stats (1024 4 1)
aftx07_cache.s1024b4a1.cycles = [
    7474002
    22134199
    38107462
    10613313
    10622475
    14890515
    30129922
    14470567
    24023323
    15712526
    10923005
    23428647
    11250468
    13605970
    18507930
    20902818
    17491644
    16288990
    6256433
];
aftx07_cache.s1024b4a1.rv32imc.instrs = [
    4556160
    4183949
    7583398
    3259439
    2256214
    2783276
    5108949
    3089583
    4583011
    3894851
    1452626
    4652209
    2914110
    2646027
    3067089
    3842958
    2010444
    3620909
    1208234
];
aftx07_cache.s1024b4a1.rv32imc.speed = [
    0.54
    0.18
    0.10
    0.38
    0.39
    0.27
    0.13
    0.19
    0.17
    0.25
    0.37
    0.17
    0.38
    0.29
    0.22
    0.20
    0.23
    0.25
    0.44
];
aftx07_cache.s1024b4a1.rv32imc.ipc = aftx07_cache.s1024b4a1.rv32imc.instrs ./ aftx07_cache.s1024b4a1.rv32imc.cycles;
% AFTx07 w/ cache stats (1024 4 2)
aftx07_cache.s1024b4a2.cycles = [
    7790286
    8293218
    37767337
    9378831
    6882528
    13271631
    29837312
    13926691
    23833016
    15477392
    10923210
    21655520
    10347764
    12029104
    18307924
    20623549
    17927615
    15181908
    6073983
];
aftx07_cache.s1024b4a2.rv32imc.instrs = [
    4557004
    4183949
    7583389
    3259526
    2255851
    2783276
    5108949
    3089583
    4583011
    3894851
    1452626
    4673371
    2912440
    2647013
    3067089
    3842620
    2010444
    3620909
    1208205
];
aftx07_cache.s1024b4a2.rv32imc.speed = [
    0.51
    0.48
    0.10
    0.43
    0.60
    0.30
    0.13
    0.20
    0.17
    0.26
    0.37
    0.19
    0.41
    0.33
    0.22
    0.20
    0.22
    0.26
    0.46
];
