function import_aftx07_cache()

aftx07_cache.i4096d4096b2a1.cycles = [
    6002735
    6926711
    32926314
    7267309
    5060198
    8287389
    21641428
    12028305
    16502349
    15524196
    10116583
    11381763
    6132524
    6958583
    11109675
    18633672
    10000967
    10591731
    5004838
];
aftx07_cache.i4096d4096b2a1.instrs = [
    4554920
    4182711
    7622661
    3259158
    2253920
    2782038
    5116036
    3113179
    4578186
    3896463
    1658197
    4652879
    2888497
    2639946
    3067941
    3878966
    2030810
    3619671
    1214486
];
aftx07_cache.i4096d4096b2a1.speed = [
    0.67
    0.58
    0.12
    0.55
    0.81
    0.48
    0.18
    0.23
    0.24
    0.26
    0.40
    0.35
    0.69
    0.57
    0.36
    0.22
    0.40
    0.38
    0.56
];
aftx07_cache.i4096d4096b2a1.ipc = aftx07_cache.i4096d4096b2a1.instrs ./ aftx07_cache.i4096d4096b2a1.cycles;

aftx07_cache.i1024d1024b2a2.cycles = [
    7172389
    7353663
    36494661
    8741329
    5613380
    9893082
    26888916
    13341265
    20434270
    15965083
    10116607
    17503129
    7861448
    10445034
    15548065
    19975121
    12438243
    13716193
    5200603
];
aftx07_cache.i1024d1024b2a2.instrs = [
    4561689
    4182711
    7643802
    3262551
    2258144
    2782038
    5134906
    3126281
    4586843
    3896463
    1658197
    4699631
    2907192
    2655287
    3068491
    3889131
    2032774
    3625583
    1215231
];
aftx07_cache.i1024d1024b2a2.speed = [
    0.56
    0.55
    0.11
    0.46
    0.73
    0.40
    0.15
    0.21
    0.20
    0.25
    0.40
    0.23
    0.54
    0.38
    0.26
    0.20
    0.32
    0.29
    0.53
];
aftx07_cache.i1024d1024b2a2.ipc = aftx07_cache.i1024d1024b2a2.instrs ./ aftx07_cache.i1024d1024b2a2.cycles;

aftx07_cache.i1024d2048b2a1.cycles = [
    6981486
    12136784
    36390264
    8228103
    7986876
    9490378
    27214720
    13916263
    20253624
    15851974
    10116583
    17573025
    7714154
    9836800
    14990727
    20040914
    10596016
    13713199
    5247074
];
aftx07_cache.i1024d2048b2a1.instrs = [
    4561688
    4182711
    7643791
    3263073
    2254855
    2782038
    5134351
    3126281
    4582866
    3896463
    1658197
    4657367
    2907822
    2649864
    3068271
    3886869
    2032774
    3619670
    1215694
];
aftx07_cache.i1024d2048b2a1.speed = [
    0.57
    0.33
    0.11
    0.49
    0.52
    0.42
    0.15
    0.20
    0.20
    0.25
    0.40
    0.23
    0.55
    0.40
    0.27
    0.20
    0.38
    0.29
    0.53
];
aftx07_cache.i1024d2048b2a1.ipc = aftx07_cache.i1024d2048b2a1.instrs ./ aftx07_cache.i1024d2048b2a1.cycles;

aftx07_cache.i1024d4096b2a1.cycles = [
    6981451
    11811119
    35913336
    7752568
    7773836
    8298350
    26770725
    13877810
    19980447
    15608732
    10116583
    16259367
    7690184
    9059517
    14402496
    20009938
    10097197
    13253551
    5160956
];
aftx07_cache.i1024d4096b2a1.instrs = [
    4561688
    4182711
    7644301
    3263073
    2254910
    2782038
    5134351
    3126281
    4582866
    3896463
    1658197
    4657367
    2907822
    2649835
    3068051
    3886869
    2032774
    3619671
    1215721
];
aftx07_cache.i1024d4096b2a1.speed = [
    0.57
    0.34
    0.11
    0.52
    0.53
    0.48
    0.15
    0.20
    0.20
    0.26
    0.40
    0.25
    0.55
    0.44
    0.28
    0.20
    0.40
    0.30
    0.54
];
aftx07_cache.i1024d4096b2a1.ipc = aftx07_cache.i1024d4096b2a1.instrs ./ aftx07_cache.i1024d4096b2a1.cycles;

aftx07_cache.i2048d1024b2a1.cycles = [
    6255007
    7457045
    36312340
    9095063
    5700235
    10563847
    25967635
    13841042
    18305417
    15974092
    10116604
    15093038
    6705557
    9519851
    14238730
    19765414
    12340058
    13351155
    5284714
];
aftx07_cache.i2048d1024b2a1.instrs = [
    4558305
    4182711
    7639101
    3262464
    2253920
    2782038
    5134351
    3124981
    4582866
    3896463
    1658197
    4657349
    2890667
    2644789
    3068491
    3886869
    2030810
    3619671
    1214967
];
aftx07_cache.i2048d1024b2a1.speed = [
    0.64
    0.54
    0.11
    0.44
    0.72
    0.38
    0.15
    0.20
    0.22
    0.25
    0.40
    0.27
    0.63
    0.42
    0.28
    0.21
    0.32
    0.30
    0.53
];
aftx07_cache.i2048d1024b2a1.ipc = aftx07_cache.i2048d1024b2a1.instrs ./ aftx07_cache.i2048d1024b2a1.cycles;

aftx07_cache.i2048d2048b2a1.cycles = [
    6254870
    7252404
    35991694
    8147628
    5324987
    9482361
    25903262
    13781198
    17920722
    15815399
    10116583
    14813019
    6541362
    8478324
    13462277
    19749916
    10556736
    12892902
    5147320
];
aftx07_cache.i2048d2048b2a1.instrs = [
    4558304
    4182711
    7638961
    3263073
    2253920
    2782038
    5134351
    3124981
    4582866
    3896463
    1658197
    4657349
    2890667
    2644702
    3068271
    3886869
    2030810
    3619670
    1214970
];
aftx07_cache.i2048d2048b2a1.speed = [
    0.64
    0.55
    0.11
    0.49
    0.77
    0.42
    0.15
    0.20
    0.22
    0.25
    0.40
    0.27
    0.65
    0.47
    0.30
    0.21
    0.38
    0.31
    0.54
];
aftx07_cache.i2048d2048b2a1.ipc = aftx07_cache.i2048d2048b2a1.instrs ./ aftx07_cache.i2048d2048b2a1.cycles;

aftx07_cache.i2048d4096b2a1.cycles = [
    6254829
    6926739
    35513746
    7672093
    5062425
    8290149
    25428201
    13742145
    17600277
    15572157
    10116583
    13497189
    6516807
    7661166
    12821136
    19718160
    10057917
    12433254
    5058226
];
aftx07_cache.i2048d4096b2a1.instrs = [
    4558304
    4182711
    7639471
    3263073
    2253920
    2782038
    5134351
    3124981
    4582866
    3896463
    1658197
    4657349
    2890667
    2644673
    3068051
    3886869
    2030810
    3619671
    1214997
];
aftx07_cache.i2048d4096b2a1.speed = [
    0.64
    0.58
    0.11
    0.52
    0.81
    0.48
    0.16
    0.20
    0.23
    0.26
    0.40
    0.30
    0.65
    0.52
    0.31
    0.21
    0.40
    0.32
    0.55
];
aftx07_cache.i2048d4096b2a1.ipc = aftx07_cache.i2048d4096b2a1.instrs ./ aftx07_cache.i2048d4096b2a1.cycles;

aftx07_cache.i4096d1024b2a1.cycles = [
    6002916
    7457017
    33737978
    8722643
    5698008
    10561087
    22190852
    12133695
    17219813
    15928981
    10116604
    13130342
    6330439
    8892146
    12643319
    18685918
    12296849
    11565796
    5234517
];
aftx07_cache.i4096d1024b2a1.instrs = [
    4554922
    4182711
    7622291
    3259158
    2253920
    2782038
    5116036
    3113179
    4578498
    3896463
    1658197
    4652879
    2888497
    2639859
    3068381
    3878966
    2030810
    3619671
    1214468
];
aftx07_cache.i4096d1024b2a1.speed = [
    0.67
    0.54
    0.12
    0.46
    0.72
    0.38
    0.18
    0.23
    0.23
    0.25
    0.40
    0.31
    0.67
    0.45
    0.32
    0.22
    0.33
    0.35
    0.53
];
aftx07_cache.i4096d1024b2a1.ipc = aftx07_cache.i4096d1024b2a1.instrs ./ aftx07_cache.i4096d1024b2a1.cycles;

aftx07_cache.i4096d2048b2a1.cycles = [
    6002779
    7252376
    33407012
    7742844
    5322760
    9479601
    22126479
    12070658
    16826928
    15767913
    10116583
    12822201
    6157751
    7804335
    11822976
    18668470
    10513527
    11072071
    5096995
];
aftx07_cache.i4096d2048b2a1.instrs = [
    4554921
    4182711
    7622151
    3259158
    2253920
    2782038
    5116036
    3113179
    4578342
    3896463
    1658197
    4652879
    2888497
    2639888
    3068161
    3878966
    2030810
    3619670
    1214469
];
aftx07_cache.i4096d2048b2a1.speed = [
    0.67
    0.55
    0.12
    0.52
    0.77
    0.42
    0.18
    0.23
    0.24
    0.25
    0.40
    0.31
    0.69
    0.51
    0.34
    0.22
    0.38
    0.36
    0.55
];
aftx07_cache.i4096d2048b2a1.ipc = aftx07_cache.i4096d2048b2a1.instrs ./ aftx07_cache.i4096d2048b2a1.cycles;

